 1111
 2111
 3111
 4111
 1211
 2211
 3211
 4211
 1311
 2311
 3311
 4311
 1411
 2411
 3411
 4411
 1121
 2121
 3121
 4121
 1221
 2221
 3221
 4221
 1321
 2321
 3321
 4321
 1421
 2421
 3421
 4421
 1131
 2131
 3131
 4131
 1231
 2231
 3231
 4231
 1331
 2331
 3331
 4331
 1431
 2431
 3431
 4431
 1141
 2141
 3141
 4141
 1241
 2241
 3241
 4241
 1341
 2341
 3341
 4341
 1441
 2441
 3441
 4441
 1112
 2112
 3112
 4112
 1212
 2212
 3212
 4212
 1312
 2312
 3312
 4312
 1412
 2412
 3412
 4412
 1122
 2122
 3122
 4122
 1222
 2222
 3222
 4222
 1322
 2322
 3322
 4322
 1422
 2422
 3422
 4422
 1132
 2132
 3132
 4132
 1232
 2232
 3232
 4232
 1332
 2332
 3332
 4332
 1432
 2432
 3432
 4432
 1142
 2142
 3142
 4142
 1242
 2242
 3242
 4242
 1342
 2342
 3342
 4342
 1442
 2442
 3442
 4442
 1113
 2113
 3113
 4113
 1213
 2213
 3213
 4213
 1313
 2313
 3313
 4313
 1413
 2413
 3413
 4413
 1123
 2123
 3123
 4123
 1223
 2223
 3223
 4223
 1323
 2323
 3323
 4323
 1423
 2423
 3423
 4423
 1133
 2133
 3133
 4133
 1233
 2233
 3233
 4233
 1333
 2333
 3333
 4333
 1433
 2433
 3433
 4433
 1143
 2143
 3143
 4143
 1243
 2243
 3243
 4243
 1343
 2343
 3343
 4343
 1443
 2443
 3443
 4443
 1114
 2114
 3114
 4114
 1214
 2214
 3214
 4214
 1314
 2314
 3314
 4314
 1414
 2414
 3414
 4414
 1124
 2124
 3124
 4124
 1224
 2224
 3224
 4224
 1324
 2324
 3324
 4324
 1424
 2424
 3424
 4424
 1134
 2134
 3134
 4134
 1234
 2234
 3234
 4234
 1334
 2334
 3334
 4334
 1434
 2434
 3434
 4434
 1144
 2144
 3144
 4144
 1244
 2244
 3244
 4244
 1344
 2344
 3344
 4344
 1444
 2444
 3444
 4444
